1 7 1654
2 1661 3142
3 4803 1243
4 6046 648
5 6694 1634
6 8328 1705
7 10033 1631
8 11664 8885
9 20549 7848
10 28397 4501
11 32898 2992
12 35890 675
13 36565 7757
14 44322 4115
15 48437 12622
16 61059 4996
17 66055 2595
18 68650 3971
19 72621 16275
20 88896 6381
21 95277 2692
22 97969 371
23 98340 2421
24 100761 3928
25 104689 2890
26 107579 13633
27 121212 8004
28 129216 1981
29 131197 2852
30 134049 2003
31 136052 1921
32 137973 3543
33 141516 2288
34 143804 3130
35 146934 2063
36 148997 1901
37 150898 2263
38 153161 3009
39 156170 2929
40 159099 2002
41 161101 2287
42 163388 2262
43 165650 1900
44 167550 2062
45 169612 2676
46 172288 3393
47 175681 2240
48 177921 1983
49 179904 1846
50 181750 2158
51 183908 4574
52 188482 3970
53 192452 3872
54 196324 3079
55 199403 2524
56 201927 2639
57 204566 2404
58 206970 2445
59 209415 4574
60 213989 386
61 214375 5937
62 220312 3970
63 224282 3872
64 228154 10026
65 238180 2880
66 241060 1032
67 242092 4496
68 246588 7244
69 253832 371
70 254203 3271
71 257474 2744
72 260218 2451
73 262669 2670
74 265339 3641
75 268980 4426
76 273406 2683
77 276089 5064
78 281153 2822
79 283975 8300
80 292275 2825
81 295100 6360
82 301460 2519
83 303979 1292
84 305271 17913
85 323184 9946
86 333130 3033
87 336163 3316
88 339479 5960
89 345439 3555
90 348994 2014
91 351008 3152
92 354160 4567
93 358727 4448
94 363175 3792
95 366967 3064
96 370031 24648
97 394679 11405
98 406084 16397
99 422481 30800
100 453281 3859
101 457140 5195
102 462335 7888
103 470223 5382
104 475605 11071
105 486676 1896
106 488572 7331
107 495903 3752
108 499655 7990
109 507645 542
110 508187 5277
111 513464 2558
112 516022 3145
113 519167 3943
114 523110 813
115 523923 935
116 524858 5736
117 530594 1548
118 532142 2202
119 534344 2682
120 537026 3730
121 540756 3334
122 544090 2150
123 546240 4890
124 551130 10206
125 561336 651
126 561987 3228
127 565215 3517
128 568732 5378
129 574110 3827
130 577937 6312
131 584249 9920
132 594169 2139
133 596308 1695
134 598003 3187
135 601190 5644
136 606834 3732
137 610566 2046
138 612612 4458
139 617070 1428
140 618498 9517
141 628015 4640
142 632655 2645
143 635300 3639
144 638939 1867
145 640806 1547
146 642353 1569
147 643922 4780
148 648702 2955
149 651657 8623
150 660280 7839
151 668119 5370
152 673489 3105
153 676594 7188
154 683782 1258
155 685040 2865
156 687905 2652
157 690557 2012
158 692569 2381
159 694950 588
160 695538 5945
161 701483 581
162 702064 2137
163 704201 6689
164 710890 5944
165 716834 2582
166 719416 3136
167 722552 9003
168 731555 3678
169 735233 3955
170 739188 3102
171 742290 9018
172 751308 4102
173 755410 3455
174 758865 3700
175 762565 1529
176 764094 4544
177 768638 1084
178 769722 1838
179 771560 5658
180 777218 2157
181 779375 1858
182 781233 15916
183 797149 5995
184 803144 2316
185 805460 2680
186 808140 5465
187 813605 3984
188 817589 13833
189 831422 3888
190 835310 1911
191 837221 3701
192 840922 6656
193 847578 3023
194 850601 627
195 851228 4752
196 855980 4618
197 860598 2772
198 863370 4805
199 868175 2220
200 870395 802
201 871197 266
202 871463 228
203 871691 256
204 871947 228
205 872175 4601
206 876776 13151
207 889927 17326
208 907253 12691
209 919944 22975
210 942919 43982
211 986901 241
212 987142 16223
213 1003365 28734
214 1032099 12834
215 1044933 282
216 1045215 228
217 1045443 4406
218 1049849 222
219 1050071 34096
220 1084167 2885
221 1087052 2763
222 1089815 15541
223 1105356 11434
224 1116790 8305
225 1125095 9915
226 1135010 2957
227 1137967 6559
228 1144526 8841
229 1153367 243
230 1153610 14516
231 1168126 13787
232 1181913 28738
233 1210651 231
234 1210882 16266
235 1227148 271
236 1227419 14206
237 1241625 272
238 1241897 25550
239 1267447 603
240 1268050 243
241 1268293 30599
242 1298892 7403
243 1306295 22463
244 1328758 4688
245 1333446 6066
246 1339512 3950
247 1343462 4797
248 1348259 4573
249 1352832 7070
250 1359902 4310
251 1364212 6032
252 1370244 3929
253 1374173 5006
254 1379179 268
255 1379447 3346
256 1382793 16757
257 1399550 4597
258 1404147 13457
259 1417604 17317
260 1434921 12813
261 1447734 22912
262 1470646 64352
263 1534998 272
264 1535270 94625
265 1629895 28754
266 1658649 262
267 1658911 14604
268 1673515 13682
269 1687197 28764
270 1715961 277
271 1716238 25554
272 1741792 230
273 1742022 30480
274 1772502 28737
275 1801239 230
276 1801469 248
277 1801717 241
278 1801958 268
279 1802226 4203
280 1806429 10525
281 1816954 17338
282 1834292 12698
283 1846990 17655
284 1864645 42723
285 1907368 273
286 1907641 94274
287 2001915 28734
288 2030649 259
289 2030908 446
290 2031354 466
291 2031820 242
292 2032062 14544
293 2046606 13819
294 2060425 268
295 2060693 421
296 2061114 457
297 2061571 2227
298 2063798 230
299 2064028 319
300 2064347 28737
301 2093084 250
302 2093334 10666
303 2104000 293
304 2104293 56209
305 2160502 10865
306 2171367 5884
307 2177251 9394
308 2186645 8147
309 2194792 6979
310 2201771 239
311 2202010 94647
312 2296657 7579
313 2304236 270
314 2304506 252
315 2304758 5994
316 2310752 5847
317 2316599 7388
318 2323987 262
319 2324249 7410
320 2331659 244
321 2331903 10165
322 2342068 248
323 2342316 12341
324 2354657 7368
325 2362025 5815
326 2367840 7106
327 2374946 4438
328 2379384 6835
329 2386219 5524
330 2391743 7408
331 2399151 4738
332 2403889 8726
333 2412615 5542
334 2418157 5042
335 2423199 17881
336 2441080 256
337 2441336 3659
338 2444995 8469
339 2453464 4277
340 2457741 5920
341 2463661 10965
342 2474626 7962
343 2482588 8909
344 2491497 25390
345 2516887 243
346 2517130 16131
347 2533261 7377
348 2540638 250
349 2540888 6019
350 2546907 5709
351 2552616 3997
352 2556613 7410
353 2564023 3992
354 2568015 3458
355 2571473 4101
356 2575574 272
357 2575846 10743
358 2586589 15572
359 2602161 228
360 2602389 12388
361 2614777 7403
362 2622180 14420
363 2636600 14725
364 2651325 229
365 2651554 5525
366 2657079 267
367 2657346 241
368 2657587 247
369 2657834 241
370 2658075 4186
371 2662261 5810
372 2668071 10555
373 2678626 8043
374 2686669 9053
375 2695722 17476
376 2713198 242
377 2713440 16139
378 2729579 7366
379 2736945 229
380 2737174 6009
381 2743183 244
382 2743427 6034
383 2749461 5739
384 2755200 7394
385 2762594 272
386 2762866 10479
387 2773345 240
388 2773585 12330
389 2785915 7359
390 2793274 267
391 2793541 241
392 2793782 222
393 2794004 241
394 2794245 4304
395 2798549 5804
396 2804353 10536
397 2814889 8000
398 2822889 8902
399 2831791 17715
400 2849506 242
401 2849748 16171
402 2865919 7399
403 2873318 265
404 2873583 6135
405 2879718 5801
406 2885519 7403
407 2892922 334
408 2893256 9889
409 2903145 229
410 2903374 16853
411 2920227 269
412 2920496 7367
413 2927863 222
414 2928085 12329
415 2940414 7379
416 2947793 244
417 2948037 262
418 2948299 244
419 2948543 256
420 2948799 244
421 2949043 238
422 2949281 244
423 2949525 241
424 2949766 256
425 2950022 250
426 2950272 17858
427 2968130 241
428 2968371 16219
429 2984590 271
430 2984861 3892
431 2988753 8566
432 2997319 4149
433 3001468 5943
434 3007411 10544
435 3017955 8046
436 3026001 8936
437 3034937 24304
438 3059241 239
439 3059480 6077
440 3065557 5739
441 3071296 7367
442 3078663 7492
443 3086155 271
444 3086426 9685
445 3096111 12420
446 3108531 249
447 3108780 243
448 3109023 223
449 3109246 12252
450 3121498 7394
451 3128892 250
452 3129142 222
453 3129364 241
454 3129605 266
455 3129871 4132
456 3134003 5806
457 3139809 10532
458 3150341 8016
459 3158357 8775
460 3167132 18202
461 3185334 235
462 3185569 16208
463 3201777 7359
464 3209136 255
465 3209391 6112
466 3215503 5696
467 3221199 7351
468 3228550 281
469 3228831 9783
470 3238614 262
471 3238876 9460
472 3248336 229
473 3248565 12277
474 3260842 7362
475 3268204 227
476 3268431 3667
477 3272098 248
478 3272346 234
479 3272580 216
480 3272796 266
481 3273062 4153
482 3277215 6031
483 3283246 10625
484 3293871 7919
485 3301790 8790
486 3310580 17706
487 3328286 7348
488 3335634 241
489 3335875 16207
490 3352082 9716
491 3361798 281
492 3362079 261
493 3362340 6093
494 3368433 5748
495 3374181 252
496 3374433 243
497 3374676 7359
498 3382035 239
499 3382274 16929
500 3399203 269
501 3399472 7362
502 3406834 289
503 3407123 9898
504 3417021 243
505 3417264 263
506 3417527 12395
507 3429922 7341
508 3437263 6389
509 3443652 6727
510 3450379 4379
511 3454758 8197
512 3462955 5246
513 3468201 4995
514 3473196 4130
515 3477326 7937
516 3485263 5576
517 3490839 5588
518 3496427 17909
519 3514336 268
520 3514604 3912
521 3518516 8529
522 3527045 4338
523 3531383 6183
524 3537566 10527
525 3548093 8066
526 3556159 8840
527 3564999 25203
528 3590202 229
529 3590431 16210
530 3606641 246
531 3606887 6385
532 3613272 11124
533 3624396 244
534 3624640 7590
535 3632230 249
536 3632479 6136
537 3638615 5754
538 3644369 4149
539 3648518 7398
540 3655916 271
541 3656187 10409
542 3666596 229
543 3666825 12417
544 3679242 7404
545 3686646 290
546 3686936 216
547 3687152 280
548 3687432 216
549 3687648 4086
550 3691734 6065
551 3697799 10568
552 3708367 8108
553 3716475 8838
554 3725313 18077
555 3743390 241
556 3743631 16299
557 3759930 7395
558 3767325 247
559 3767572 255
560 3767827 6159
561 3773986 5827
562 3779813 7421
563 3787234 308
564 3787542 231
565 3787773 234
566 3788007 259
567 3788266 9632
568 3797898 229
569 3798127 12392
570 3810519 7429
571 3817948 276
572 3818224 283
573 3818507 4737
574 3823244 235
575 3823479 16277
576 3839756 216
577 3839972 243
578 3840215 223
579 3840438 253
580 3840691 6653
581 3847344 6308
582 3853652 11156
583 3864808 266
584 3865074 4042
585 3869116 5999
586 3875115 10573
587 3885688 8034
588 3893722 8801
589 3902523 17375
590 3919898 7683
591 3927581 243
592 3927824 6142
593 3933966 5774
594 3939740 7690
595 3947430 300
596 3947730 17753
597 3965483 15472
598 3980955 252
599 3981207 3799
600 3985006 293
601 3985299 7078
602 3992377 271
603 3992648 10586
604 4003234 229
605 4003463 12476
606 4015939 238
607 4016177 7658
608 4023835 240
609 4024075 6212
610 4030287 4821
611 4035108 3804
612 4038912 6539
613 4045451 5321
614 4050772 4817
615 4055589 4448
616 4060037 5973
617 4066010 5250
618 4071260 6238
619 4077498 17382
620 4094880 268
621 4095148 8558
622 4103706 3244
623 4106950 3865
624 4110815 6233
625 4117048 10584
626 4127632 8118
627 4135750 8956
628 4144706 23310
629 4168016 242
630 4168258 16235
631 4184493 7687
632 4192180 243
633 4192423 6094
634 4198517 5631
635 4204148 7697
636 4211845 292
637 4212137 291
638 4212428 10839
639 4223267 248
640 4223515 12292
641 4235807 7634
642 4243441 15753
643 4259194 265
644 4259459 268
645 4259727 280
646 4260007 274
647 4260281 268
648 4260549 3054
649 4263603 5314
650 4268917 9716
651 4278633 7420
652 4286053 8244
653 4294297 16851
654 4311148 248
655 4311396 16126
656 4327522 7650
657 4335172 3567
658 4338739 258
659 4338997 6009
660 4345006 5832
661 4350838 7658
662 4358496 258
663 4358754 241
664 4358995 319
665 4359314 10084
666 4369398 263
667 4369661 57624
668 4427285 7662
669 4434947 254
670 4435201 16283
671 4451484 281
672 4451765 6300
673 4458065 7699
674 4465764 237
675 4466001 5566
676 4471567 5513
677 4477080 7700
678 4484780 251
679 4485031 13664
680 4498695 288
681 4498983 10865
682 4509848 242
683 4510090 3988
684 4514078 7664
685 4521742 246
686 4521988 252
687 4522240 240
688 4522480 285
689 4522765 3712
690 4526477 7331
691 4533808 3831
692 4537639 5305
693 4542944 6252
694 4549196 8128
695 4557324 8356
696 4565680 5885
697 4571565 7995
698 4579560 5015
699 4584575 4041
700 4588616 4971
701 4593587 3822
702 4597409 2490
703 4599899 2115
704 4602014 2585
705 4604599 3511
706 4608110 2537
707 4610647 2592
708 4613239 20341
709 4633580 8472
710 4642052 4445
711 4646497 4549
712 4651046 4218
713 4655264 1608
714 4656872 4560
715 4661432 1438
716 4662870 1256
717 4664126 1554
718 4665680 7502
719 4673182 2254
720 4675436 18101
721 4693537 8954
722 4702491 5751
723 4708242 4099
724 4712341 3636
725 4715977 2128
726 4718105 16448
727 4734553 4535
728 4739088 1228
729 4740316 2002
730 4742318 1428
731 4743746 8251
732 4751997 5247
733 4757244 6919
734 4764163 2004
735 4766167 8280
736 4774447 7637
737 4782084 8581
738 4790665 5053
739 4795718 6820
740 4802538 15167
741 4817705 7617
742 4825322 5157
743 4830479 1445
744 4831924 1646
745 4833570 2228
746 4835798 1422
747 4837220 893
748 4838113 6447
749 4844560 2208
750 4846768 8373
751 4855141 4299
752 4859440 1952
753 4861392 5313
754 4866705 5545
755 4872250 9192
756 4881442 4768
757 4886210 9601
758 4895811 3848
759 4899659 1149
760 4900808 1501
761 4902309 1434
762 4903743 9155
763 4912898 372
764 4913270 1804
765 4915074 844
766 4915918 1531
767 4917449 12629
768 4930078 8109
769 4938187 4154
770 4942341 5076
771 4947417 4539
772 4951956 9016
773 4960972 2293
774 4963265 5440
775 4968705 3001
776 4971706 3186
777 4974892 1757
778 4976649 8167
779 4984816 3765
780 4988581 14247
781 5002828 3358
782 5006186 3952
783 5010138 4388
784 5014526 11668
785 5026194 1005
786 5027199 8079
787 5035278 6341
788 5041619 857
789 5042476 5757
790 5048233 15775
791 5064008 991
792 5064999 6140
793 5071139 752
794 5071891 5336
795 5077227 8137
796 5085364 1516
797 5086880 4438
798 5091318 776
799 5092094 8988
800 5101082 1435
801 5102517 6422
802 5108939 3650
803 5112589 6927
804 5119516 10249
805 5129765 2245
806 5132010 3742
807 5135752 2403
808 5138155 3775
809 5141930 3014
810 5144944 3841
811 5148785 1689
812 5150474 10206
813 5160680 2211
814 5162891 5054
815 5167945 2487
816 5170432 1581
817 5172013 8025
818 5180038 6862
819 5186900 4520
820 5191420 9685
821 5201105 6480
822 5207585 5805
823 5213390 2945
824 5216335 5750
825 5222085 10518
826 5232603 4383
827 5236986 6233
828 5243219 4707
829 5247926 2344
830 5250270 3499
831 5253769 8974
832 5262743 1875
833 5264618 5810
834 5270428 4117
835 5274545 4122
836 5278667 2680
837 5281347 436
838 5281783 1925
839 5283708 7472
840 5291180 4518
841 5295698 2498
842 5298196 1812
843 5300008 3156
844 5303164 3595
845 5306759 2861
846 5309620 5308
847 5314928 1245
848 5316173 1231
849 5317404 3183
850 5320587 7690
851 5328277 7723
852 5336000 1258
853 5337258 6105
854 5343363 1761
855 5345124 2398
856 5347522 4907
857 5352429 1792
858 5354221 3426
859 5357647 1996
860 5359643 1240
861 5360883 2710
862 5363593 739
863 5364332 2869
864 5367201 5279
865 5372480 255
866 5372735 1725
867 5374460 2903
868 5377363 4231
869 5381594 1320
870 5382914 1180
871 5384094 1687
872 5385781 1251
873 5387032 1731
874 5388763 893
875 5389656 934
876 5390590 3896
877 5394486 899
878 5395385 3183
879 5398568 7914
880 5406482 2616
881 5409098 1575
882 5410673 3230
883 5413903 1227
884 5415130 2768
885 5417898 2420
886 5420318 1415
887 5421733 1098
888 5422831 3741
889 5426572 3141
890 5429713 1533
891 5431246 8422
892 5439668 1532
893 5441200 2125
894 5443325 1025
895 5444350 1735
896 5446085 1694
897 5447779 983
898 5448762 2496
899 5451258 9715
900 5460973 4028
901 5465001 3748
902 5468749 2067
903 5470816 3283
904 5474099 2928
905 5477027 7644
906 5484671 477
907 5485148 579
908 5485727 11327
909 5497054 4558
910 5501612 3743
911 5505355 9093
912 5514448 3474
913 5517922 2118
914 5520040 2068
915 5522108 7198
916 5529306 6531
917 5535837 3757
918 5539594 2313
919 5541907 15036
920 5556943 6481
921 5563424 1395
922 5564819 2042
923 5566861 3004
924 5569865 2651
925 5572516 2203
926 5574719 1655
927 5576374 807
928 5577181 1457
929 5578638 801
930 5579439 453
931 5579892 4054
932 5583946 3991
933 5587937 3129
934 5591066 4231
935 5595297 7674
936 5602971 5504
937 5608475 1422
938 5609897 5393
939 5615290 1239
940 5616529 995
941 5617524 1925
942 5619449 2486
943 5621935 5563
944 5627498 2577
945 5630075 8167
946 5638242 2537
947 5640779 982
948 5641761 913
949 5642674 1709
950 5644383 2305
951 5646688 7353
952 5654041 1707
953 5655748 4835
954 5660583 2523
955 5663106 3704
956 5666810 2759
957 5669569 7035
958 5676604 2370
959 5678974 3089
960 5682063 4671
961 5686734 2589
962 5689323 2951
963 5692274 1972
964 5694246 1341
965 5695587 4804
966 5700391 1701
967 5702092 1070
968 5703162 1669
969 5704831 1867
970 5706698 4676
971 5711374 1740
972 5713114 2752
973 5715866 9416
974 5725282 1944
975 5727226 2701
976 5729927 9157
977 5739084 3618
978 5742702 6225
979 5748927 3436
980 5752363 3023
981 5755386 7949
982 5763335 1801
983 5765136 2268
984 5767404 1714
985 5769118 1030
986 5770148 2455
987 5772603 1746
988 5774349 1848
989 5776197 15146
990 5791343 7454
991 5798797 3210
992 5802007 1742
993 5803749 1478
994 5805227 7755
995 5812982 2059
996 5815041 2181
997 5817222 1851
998 5819073 1753
999 5820826 2144
1000 5822970 1225
1001 5824195 1364
1002 5825559 5586
1003 5831145 1309
1004 5832454 2025
1005 5834479 2733
1006 5837212 2489
1007 5839701 1285
1008 5840986 1208
1009 5842194 6889
1010 5849083 3238
1011 5852321 2665
1012 5854986 5313
1013 5860299 1986
1014 5862285 2641
1015 5864926 4846
1016 5869772 4799
1017 5874571 4558
1018 5879129 3159
1019 5882288 7766
1020 5890054 5884
1021 5895938 3600
1022 5899538 3415
1023 5902953 2437
1024 5905390 3566
1025 5908956 2246
1026 5911202 2111
1027 5913313 9260
1028 5922573 5481
1029 5928054 7597
1030 5935651 5513
1031 5941164 4931
1032 5946095 8339
1033 5954434 12024
1034 5966458 6404
1035 5972862 1505
1036 5974367 1930
1037 5976297 1048
1038 5977345 5372
1039 5982717 3025
1040 5985742 743
1041 5986485 4263
1042 5990748 888
1043 5991636 3221
1044 5994857 806
1045 5995663 993
1046 5996656 4301
1047 6000957 3743
1048 6004700 1348
1049 6006048 1880
1050 6007928 1221
1051 6009149 1709
1052 6010858 951
1053 6011809 2571
1054 6014380 4457
1055 6018837 4755
1056 6023592 1183
1057 6024775 2315
1058 6027090 1029
1059 6028119 2045
1060 6030164 966
1061 6031130 1266
1062 6032396 1556
1063 6033952 627
1064 6034579 4038
1065 6038617 1521
1066 6040138 4884
1067 6045022 2555
1068 6047577 2139
1069 6049716 2561
1070 6052277 2312
1071 6054589 3557
1072 6058146 1745
1073 6059891 1195
1074 6061086 2679
1075 6063765 2098
1076 6065863 1968
1077 6067831 4363
1078 6072194 14669
1079 6086863 2195
1080 6089058 6658
1081 6095716 13801
1082 6109517 9132
1083 6118649 3776
1084 6122425 4677
1085 6127102 3710
1086 6130812 5742
1087 6136554 1761
1088 6138315 9166
1089 6147481 4057
1090 6151538 1962
1091 6153500 9834
1092 6163334 6557
1093 6169891 2523
1094 6172414 4599
1095 6177013 7621
1096 6184634 2156
1097 6186790 3775
1098 6190565 4383
1099 6194948 1156
1100 6196104 2284
1101 6198388 4494
1102 6202882 4501
1103 6207383 4728
1104 6212111 17318
1105 6229429 2526
1106 6231955 12835
1107 6244790 14849
1108 6259639 9376
1109 6269015 8584
1110 6277599 5294
1111 6282893 11931
1112 6294824 3911
1113 6298735 5503
1114 6304238 5087
1115 6309325 4689
1116 6314014 6067
1117 6320081 3951
1118 6324032 4798
1119 6328830 4574
1120 6333404 7071
1121 6340475 4311
1122 6344786 6033
1123 6350819 3930
1124 6354749 5007
1125 6359756 24864
1126 6384620 2534
1127 6387154 5452
1128 6392606 5449
1129 6398055 5558
1130 6403613 4692
1131 6408305 4487
1132 6412792 3838
1133 6416630 24494
1134 6441124 2474
1135 6443598 5179
1136 6448777 5852
1137 6454629 16236
1138 6470865 10866
1139 6481731 2373
1140 6484104 5599
1141 6489703 6154
1142 6495857 3761
1143 6499618 6958
1144 6506576 7849
1145 6514425 5816
1146 6520241 7107
1147 6527348 4439
1148 6531787 6836
1149 6538623 5525
1150 6544148 7409
1151 6551557 4739
1152 6556296 8727
1153 6565023 5543
1154 6570566 5043
1155 6575609 34552
1156 6610161 2457
1157 6612618 4924
1158 6617542 6276
1159 6623818 4671
1160 6628489 2749
1161 6631238 21974
1162 6653212 5687
1163 6658899 5304
1164 6664203 4878
1165 6669081 2705
1166 6671786 5021
1167 6676807 4784
1168 6681591 6143
1169 6687734 4838
1170 6692572 23048
1171 6715620 5214
1172 6720834 4420
1173 6725254 5599
1174 6730853 2640
1175 6733493 5070
1176 6738563 5916
1177 6744479 6039
1178 6750518 3641
1179 6754159 5674
1180 6759833 6099
1181 6765932 6720
1182 6772652 3983
1183 6776635 5753
1184 6782388 5254
1185 6787642 5326
1186 6792968 4295
1187 6797263 7355
1188 6804618 5341
1189 6809959 4969
1190 6814928 2798
1191 6817726 25543
1192 6843269 5268
1193 6848537 5584
1194 6854121 10006
1195 6864127 10808
1196 6874935 4684
1197 6879619 4840
1198 6884459 4422
1199 6888881 6437
1200 6895318 24730
1201 6920048 2832
1202 6922880 5642
1203 6928522 5668
1204 6934190 5973
1205 6940163 4488
1206 6944651 3800
1207 6948451 4371
1208 6952822 5127
1209 6957949 5404
1210 6963353 19595
1211 6982948 2840
1212 6985788 5206
1213 6990994 8535
1214 6999529 8425
1215 7007954 3358
1216 7011312 5569
1217 7016881 8083
1218 7024964 5606
1219 7030570 6390
1220 7036960 6728
1221 7043688 4380
1222 7048068 8198
1223 7056266 5247
1224 7061513 4996
1225 7066509 4131
1226 7070640 7938
1227 7078578 5577
1228 7084155 5589
1229 7089744 24399
1230 7114143 2818
1231 7116961 4300
1232 7121261 7251
1233 7128512 5238
1234 7133750 5473
1235 7139223 3999
1236 7143222 16098
1237 7159320 5314
1238 7164634 4530
1239 7169164 4603
1240 7173767 2656
1241 7176423 5092
1242 7181515 9571
1243 7191086 4652
1244 7195738 5048
1245 7200786 5094
1246 7205880 3526
1247 7209406 9506
1248 7218912 8747
1249 7227659 2873
1250 7230532 4275
1251 7234807 5731
1252 7240538 5696
1253 7246234 5407
1254 7251641 19576
1255 7271217 5261
1256 7276478 6909
1257 7283387 3232
1258 7286619 3935
1259 7290554 5705
1260 7296259 3304
1261 7299563 11520
1262 7311083 4983
1263 7316066 6213
1264 7322279 4822
1265 7327101 3805
1266 7330906 6540
1267 7337446 5322
1268 7342768 4818
1269 7347586 4449
1270 7352035 5974
1271 7358009 5251
1272 7363260 6239
1273 7369499 22977
1274 7392476 3045
1275 7395521 4982
1276 7400503 4888
1277 7405391 5773
1278 7411164 3085
1279 7414249 4884
1280 7419133 4227
1281 7423360 4857
1282 7428217 6758
1283 7434975 27516
1284 7462491 3037
1285 7465528 5839
1286 7471367 259
1287 7471626 242
1288 7471868 5668
1289 7477536 16556
1290 7494092 2679
1291 7496771 3040
1292 7499811 4596
1293 7504407 3691
1294 7508098 4697
1295 7512795 4126
1296 7516921 11496
1297 7528417 10932
1298 7539349 5985
1299 7545334 13649
1300 7558983 5306
1301 7564289 6253
1302 7570542 8129
1303 7578671 8357
1304 7587028 5886
1305 7592914 7996
1306 7600910 5016
1307 7605926 4042
1308 7609968 4972
1309 7614940 7229
1310 7622169 5463
1311 7627632 32658
1312 7660290 2767
1313 7663057 13718
1314 7676775 11615
1315 7688390 7717
1316 7696107 4122
1317 7700229 13127
1318 7713356 4956
1319 7718312 3440
1320 7721752 9008
1321 7730760 3208
1322 7733968 3795
1323 7737763 2787
1324 7740550 4946
1325 7745496 17015
1326 7762511 2840
1327 7765351 4797
1328 7770148 7814
1329 7777962 4869
1330 7782831 2479
1331 7785310 6151
1332 7791461 22430
1333 7813891 2833
1334 7816724 2452
1335 7819176 2971
1336 7822147 3335
1337 7825482 19201
1338 7844683 4833
1339 7849516 7098
1340 7856614 10457
1341 7867071 5181
1342 7872252 5015
1343 7877267 4355
1344 7881622 2448
1345 7884070 7304
1346 7891374 3266
1347 7894640 5601
1348 7900241 3847
1349 7904088 7747
1350 7911835 4153
1351 7915988 5429
1352 7921417 7586
1353 7929003 5181
1354 7934184 6255
1355 7940439 4927
1356 7945366 2734
1357 7948100 23187
1358 7971287 5162
1359 7976449 4346
1360 7980795 14063
1361 7994858 2596
1362 7997454 2595
1363 8000049 2692
1364 8002741 3518
1365 8006259 2250
1366 8008509 20197
1367 8028706 5012
1368 8033718 4333
1369 8038051 5292
1370 8043343 3209
1371 8046552 2998
1372 8049550 2786
1373 8052336 3485
1374 8055821 2914
1375 8058735 3519
1376 8062254 23519
1377 8085773 5035
1378 8090808 7868
1379 8098676 2794
1380 8101470 4610
1381 8106080 2518
1382 8108598 2572
1383 8111170 4348
1384 8115518 6702
1385 8122220 6400
1386 8128620 4935
1387 8133555 5295
1388 8138850 5877
1389 8144727 4409
1390 8149136 5390
1391 8154526 5108
1392 8159634 25294
1393 8184928 2788
1394 8187716 4641
1395 8192357 4650
1396 8197007 5174
1397 8202181 3202
1398 8205383 2788
1399 8208171 2974
1400 8211145 2981
1401 8214126 3401
1402 8217527 17374
1403 8234901 5009
1404 8239910 5026
1405 8244936 2638
1406 8247574 8905
1407 8256479 2949
1408 8259428 3424
1409 8262852 3345
1410 8266197 3407
1411 8269604 21226
1412 8290830 5977
1413 8296807 4701
1414 8301508 10700
1415 8312208 11477
1416 8323685 2833
1417 8326518 5083
1418 8331601 3407
1419 8335008 5773
1420 8340781 4596
1421 8345377 7173
1422 8352550 7385
1423 8359935 4025
1424 8363960 4771
1425 8368731 3714
1426 8372445 5324
1427 8377769 2503
1428 8380272 5669
1429 8385941 24542
1430 8410483 2745
1431 8413228 4522
1432 8417750 4801
1433 8422551 276
1434 8422827 2957
1435 8425784 16157
1436 8441941 2804
1437 8444745 3705
1438 8448450 4745
1439 8453195 3242
1440 8456437 3036
1441 8459473 22014
1442 8481487 4708
1443 8486195 17092
1444 8503287 4577
1445 8507864 2804
1446 8510668 4783
1447 8515451 17696
1448 8533147 5140
1449 8538287 2634
1450 8540921 13565
1451 8554486 10330
1452 8564816 5791
1453 8570607 6112
1454 8576719 3550
1455 8580269 4792
1456 8585061 9545
1457 8594606 6147
1458 8600753 5720
1459 8606473 7648
1460 8614121 7383
1461 8621504 7197
1462 8628701 5743
1463 8634444 30063
1464 8664507 3833
1465 8668340 4469
1466 8672809 6057
1467 8678866 3197
1468 8682063 8175
1469 8690238 2467
1470 8692705 2866
1471 8695571 3561
1472 8699132 4934
1473 8704066 3586
1474 8707652 3201
1475 8710853 4351
1476 8715204 3481
1477 8718685 21815
1478 8740500 6252
1479 8746752 7962
1480 8754714 4709
1481 8759423 5197
1482 8764620 2478
1483 8767098 6755
1484 8773853 3422
1485 8777275 3030
1486 8780305 2769
1487 8783074 3626
1488 8786700 14420
1489 8801120 4764
1490 8805884 5205
1491 8811089 2372
1492 8813461 5051
1493 8818512 6186
1494 8824698 2831
1495 8827529 2977
1496 8830506 5188
1497 8835694 4133
1498 8839827 9692
1499 8849519 8071
1500 8857590 4709
1501 8862299 5838
1502 8868137 3551
1503 8871688 16522
1504 8888210 5528
1505 8893738 6582
1506 8900320 4915
1507 8905235 2810
1508 8908045 3241
1509 8911286 2565
1510 8913851 3412
1511 8917263 3029
1512 8920292 13564
1513 8933856 5267
1514 8939123 5376
1515 8944499 7866
1516 8952365 2573
1517 8954938 6784
1518 8961722 12932
1519 8974654 6438
1520 8981092 5810
1521 8986902 2764
1522 8989666 7953
1523 8997619 2801
1524 9000420 3715
1525 9004135 3026
1526 9007161 3285
1527 9010446 18078
1528 9028524 4626
1529 9033150 5794
1530 9038944 2897
1531 9041841 2883
1532 9044724 7014
1533 9051738 7764
1534 9059502 5204
1535 9064706 4187
1536 9068893 2403
1537 9071296 4605
1538 9075901 5043
1539 9080944 3248
1540 9084192 4933
1541 9089125 5715
1542 9094840 2711
1543 9097551 23022
1544 9120573 22795
1545 9143368 4496
1546 9147864 4240
1547 9152104 4656
1548 9156760 3307
1549 9160067 2991
1550 9163058 17570
1551 9180628 5617
1552 9186245 3871
1553 9190116 2722
1554 9192838 2128
1555 9194966 3078
1556 9198044 4065
1557 9202109 15128
1558 9217237 4345
1559 9221582 13489
1560 9235071 5155
1561 9240226 3963
1562 9244189 2662
1563 9246851 5854
1564 9252705 2488
1565 9255193 3017
1566 9258210 3612
1567 9261822 15496
1568 9277318 4256
1569 9281574 5158
1570 9286732 4097
1571 9290829 3027
1572 9293856 3326
1573 9297182 5214
1574 9302396 8812
1575 9311208 7265
1576 9318473 9976
1577 9328449 4094
1578 9332543 4324
1579 9336867 4485
1580 9341352 2797
1581 9344149 8252
1582 9352401 22140
1583 9374541 10341
1584 9384882 7591
1585 9392473 5730
1586 9398203 5737
1587 9403940 6586
1588 9410526 6464
1589 9416990 6535
1590 9423525 4097
1591 9427622 4899
1592 9432521 5298
1593 9437819 5245
1594 9443064 5580
1595 9448644 5300
1596 9453944 3015
1597 9456959 2828
1598 9459787 5229
1599 9465016 22440
1600 9487456 1975
1601 9489431 1542
1602 9490973 3327
1603 9494300 1266
1604 9495566 1842
1605 9497408 4619
1606 9502027 1145
1607 9503172 4286
1608 9507458 1889
1609 9509347 2211
1610 9511558 275
1611 9511833 5021
1612 9516854 2695
1613 9519549 2665
1614 9522214 425
1615 9522639 1591
1616 9524230 1564
1617 9525794 2253
1618 9528047 1557
1619 9529604 1145
1620 9530749 2731
1621 9533480 1079
1622 9534559 393
1623 9534952 4641
1624 9539593 1348
1625 9540941 957
1626 9541898 3982
1627 9545880 1404
1628 9547284 3192
1629 9550476 2687
1630 9553163 600
1631 9553763 1353
1632 9555116 1302
1633 9556418 2562
1634 9558980 1261
1635 9560241 8213
1636 9568454 654
1637 9569108 1399
1638 9570507 7479
1639 9577986 3932
1640 9581918 3779
1641 9585697 3531
1642 9589228 7073
1643 9596301 4986
1644 9601287 1724
1645 9603011 1658
1646 9604669 2101
1647 9606770 1406
1648 9608176 570
1649 9608746 1419
1650 9610165 2361
1651 9612526 4556
1652 9617082 1602
1653 9618684 11622
1654 9630306 2117
1655 9632423 880
1656 9633303 982
1657 9634285 1123
1658 9635408 1888
1659 9637296 779
1660 9638075 11635
1661 9649710 1846
1662 9651556 3028
1663 9654584 3809
1664 9658393 1013
1665 9659406 2273
1666 9661679 1292
1667 9662971 4826
1668 9667797 374
1669 9668171 7119
1670 9675290 1106
1671 9676396 1845
1672 9678241 2630
1673 9680871 1548
1674 9682419 1309
1675 9683728 6743
1676 9690471 3603
1677 9694074 1070
1678 9695144 3598
1679 9698742 1716
1680 9700458 3059
1681 9703517 1383
1682 9704900 572
1683 9705472 839
1684 9706311 4900
1685 9711211 1297
1686 9712508 6510
1687 9719018 2755
1688 9721773 507
1689 9722280 4306
1690 9726586 584
1691 9727170 1550
1692 9728720 2189
1693 9730909 2859
1694 9733768 3239
1695 9737007 1439
1696 9738446 1597
1697 9740043 1199
1698 9741242 1514
1699 9742756 2413
1700 9745169 654
1701 9745823 245
1702 9746068 245
1703 9746313 266
1704 9746579 257
1705 9746836 230
1706 9747066 271
1707 9747337 270
1708 9747607 270
1709 9747877 269
1710 9748146 272
1711 9748418 263
1712 9748681 245
1713 9748926 228
1714 9749154 233
1715 9749387 255
1716 9749642 252
1717 9749894 274
1718 9750168 249
1719 9750417 230
1720 9750647 236
1721 9750883 251
1722 9751134 245
1723 9751379 265
1724 9751644 266
1725 9751910 270
1726 9752180 266
1727 9752446 230
1728 9752676 258
1729 9752934 272
1730 9753206 252
1731 9753458 270
1732 9753728 245
1733 9753973 264
1734 9754237 269
1735 9754506 266
1736 9754772 273
1737 9755045 249
1738 9755294 276
1739 9755570 268
1740 9755838 271
1741 9756109 272
1742 9756381 266
1743 9756647 264
1744 9756911 259
1745 9757170 251
1746 9757421 236
1747 9757657 271
1748 9757928 263
1749 9758191 239
1750 9758430 224
1751 9758654 2035
1752 9760689 3200
1753 9763889 2517
1754 9766406 7853
1755 9774259 2730
1756 9776989 2081
1757 9779070 6284
1758 9785354 4312
1759 9789666 4432
1760 9794098 3901
1761 9797999 6954
1762 9804953 3671
1763 9808624 3351
1764 9811975 4691
1765 9816666 5333
1766 9821999 4510
1767 9826509 3486
1768 9829995 4188
1769 9834183 1206
1770 9835389 8014
1771 9843403 4638
1772 9848041 4456
1773 9852497 4441
1774 9856938 4153
1775 9861091 5631
1776 9866722 7865
1777 9874587 2413
1778 9877000 2194
1779 9879194 3017
1780 9882211 3011
1781 9885222 4681
1782 9889903 5496
1783 9895399 3235
1784 9898634 4155
1785 9902789 5527
1786 9908316 4749
1787 9913065 5185
1788 9918250 2557
1789 9920807 2795
1790 9923602 3035
1791 9926637 8329
1792 9934966 1295
1793 9936261 837
1794 9937098 270
1795 9937368 4215
1796 9941583 3411
1797 9944994 1611
1798 9946605 10016
1799 9956621 3135
1800 9959756 8822
1801 9968578 4030
1802 9972608 5312
1803 9977920 4999
1804 9982919 8651
1805 9991570 4864
1806 9996434 3987
1807 10000421 588
1808 10001009 4753
1809 10005762 4461
1810 10010223 3881
1811 10014104 5892
1812 10019996 7284
1813 10027280 6536
1814 10033816 2640
1815 10036456 3427
1816 10039883 1034
1817 10040917 22978
1818 10063895 18648
1819 10082543 2650
1820 10085193 8544
1821 10093737 1713
1822 10095450 2461
1823 10097911 7203
1824 10105114 3406
1825 10108520 11081
1826 10119601 2942
1827 10122543 3578
1828 10126121 3289
1829 10129410 4903
1830 10134313 7332
1831 10141645 6970
1832 10148615 6259
1833 10154874 1141
1834 10156015 2852
1835 10158867 3513
1836 10162380 1113
1837 10163493 2504
1838 10165997 1620
1839 10167617 6411
1840 10174028 13692
1841 10187720 2164
1842 10189884 13020
1843 10202904 6537
1844 10209441 2945
1845 10212386 5099
1846 10217485 2030
1847 10219515 9112
1848 10228627 6631
1849 10235258 2547
1850 10237805 6513
1851 10244318 8564
1852 10252882 4283
1853 10257165 3284
1854 10260449 12916
1855 10273365 4633
1856 10277998 2430
1857 10280428 2486
1858 10282914 718
1859 10283632 1435
1860 10285067 10141
1861 10295208 21820
1862 10317028 930
1863 10317958 3572
1864 10321530 3893
1865 10325423 1481
1866 10326904 1126
1867 10328030 5818
1868 10333848 1271
1869 10335119 969
1870 10336088 10879
1871 10346967 1414
1872 10348381 17784
1873 10366165 9532
1874 10375697 2902
1875 10378599 4029
1876 10382628 1414
1877 10384042 4657
1878 10388699 6014
1879 10394713 1118
1880 10395831 936
1881 10396767 2360
1882 10399127 8224
1883 10407351 3313
1884 10410664 1900
1885 10412564 588
1886 10413152 1606
1887 10414758 2334
1888 10417092 3866
1889 10420958 5992
1890 10426950 1388
1891 10428338 3226
1892 10431564 1298
1893 10432862 1372
1894 10434234 1162
1895 10435396 5594
1896 10440990 988
1897 10441978 4422
1898 10446400 401
1899 10446801 8933
1900 10455734 3648
1901 10459382 1664
1902 10461046 1396
1903 10462442 6453
1904 10468895 4130
1905 10473025 1308
1906 10474333 3001
1907 10477334 2714
1908 10480048 1837
1909 10481885 4168
1910 10486053 12874
1911 10498927 1532
1912 10500459 4087
1913 10504546 3637
1914 10508183 1422
1915 10509605 1145
1916 10510750 4016
1917 10514766 6930
1918 10521696 12996
1919 10534692 1641
1920 10536333 1575
1921 10537908 1510
1922 10539418 2488
1923 10541906 2215
1924 10544121 1804
1925 10545925 1821
1926 10547746 1212
1927 10548958 1693
1928 10550651 862
1929 10551513 7078
1930 10558591 8185
1931 10566776 1534
1932 10568310 1140
1933 10569450 4724
1934 10574174 2479
1935 10576653 1222
1936 10577875 6491
1937 10584366 1827
1938 10586193 7608
1939 10593801 2222
1940 10596023 6445
1941 10602468 4048
1942 10606516 1448
1943 10607964 8388
1944 10616352 6949
1945 10623301 9584
1946 10632885 3697
1947 10636582 2280
1948 10638862 3446
1949 10642308 4783
1950 10647091 1736
1951 10648827 5732
1952 10654559 2616
1953 10657175 8646
1954 10665821 7469
1955 10673290 2483
1956 10675773 1527
1957 10677300 1707
1958 10679007 2740
1959 10681747 2648
1960 10684395 2319
1961 10686714 3130
1962 10689844 2136
1963 10691980 3054
1964 10695034 7022
1965 10702056 6428
1966 10708484 6960
1967 10715444 6839
1968 10722283 4011
1969 10726294 8192
1970 10734486 7853
1971 10742339 3183
1972 10745522 1866
1973 10747388 3050
1974 10750438 1682
1975 10752120 3092
1976 10755212 3503
1977 10758715 1927
1978 10760642 1594
1979 10762236 4838
1980 10767074 1811
1981 10768885 1585
1982 10770470 2531
1983 10773001 3682
1984 10776683 2130
1985 10778813 1525
1986 10780338 2878
1987 10783216 7884
1988 10791100 3399
1989 10794499 3692
1990 10798191 8941
1991 10807132 3800
1992 10810932 2891
1993 10813823 2268
1994 10816091 3634
1995 10819725 3561
1996 10823286 2137
1997 10825423 1666
1998 10827089 1860
1999 10828949 6426
2000 10835375 3265
2001 10838640 2301
2002 10840941 1926
2003 10842867 3488
2004 10846355 5570
2005 10851925 2071
2006 10853996 4216
2007 10858212 2780
2008 10860992 3823
2009 10864815 1812
2010 10866627 1603
2011 10868230 1612
2012 10869842 1684
2013 10871526 3714
2014 10875240 2799
2015 10878039 4026
2016 10882065 2445
2017 10884510 2459
2018 10886969 2653
2019 10889622 2436
2020 10892058 2598
2021 10894656 23317
2022 10917973 3278
2023 10921251 3680
2024 10924931 6382
2025 10931313 3151
2026 10934464 3359
2027 10937823 3472
2028 10941295 5299
2029 10946594 1674
2030 10948268 2651
2031 10950919 3481
2032 10954400 2512
2033 10956912 1140
2034 10958052 2423
2035 10960475 5143
2036 10965618 4287
2037 10969905 3078
2038 10972983 3837
2039 10976820 2699
2040 10979519 5480
2041 10984999 2587
2042 10987586 3849
2043 10991435 1159
2044 10992594 5374
2045 10997968 1502
2046 10999470 1274
2047 11000744 2104
2048 11002848 7503
2049 11010351 3389
2050 11013740 2597
2051 11016337 5379
2052 11021716 1373
2053 11023089 14665
2054 11037754 1165
2055 11038919 1386
2056 11040305 5304
2057 11045609 2571
2058 11048180 3158
2059 11051338 6943
2060 11058281 6275
2061 11064556 9273
2062 11073829 11766
2063 11085595 2142
2064 11087737 6571
2065 11094308 5886
2066 11100194 10099
2067 11110293 7777
2068 11118070 258
2069 11118328 294
2070 11118622 319
2071 11118941 246
2072 11119187 280
2073 11119467 258
2074 11119725 303
2075 11120028 6047
2076 11126075 1292
2077 11127367 5004
2078 11132371 10051
2079 11142422 5573
2080 11147995 3106
2081 11151101 2059
2082 11153160 2023
2083 11155183 2386
2084 11157569 1889
2085 11159458 1483
2086 11160941 1563
2087 11162504 1628
2088 11164132 1702
2089 11165834 3524
2090 11169358 2614
2091 11171972 15342
2092 11187314 3370
2093 11190684 8037
2094 11198721 3743
2095 11202464 3493
2096 11205957 6219
2097 11212176 2619
2098 11214795 3753
2099 11218548 2824
2100 11221372 9430
2101 11230802 1447
2102 11232249 244
2103 11232493 1995
2104 11234488 5040
2105 11239528 1465
2106 11240993 1761
2107 11242754 1899
2108 11244653 2939
2109 11247592 8232
2110 11255824 7583
2111 11263407 3554
2112 11266961 9814
2113 11276775 1708
2114 11278483 1015
2115 11279498 1718
2116 11281216 4196
2117 11285412 3825
2118 11289237 1088
2119 11290325 15156
2120 11305481 4196
2121 11309677 6573
2122 11316250 3550
2123 11319800 3561
2124 11323361 1279
2125 11324640 4856
2126 11329496 825
2127 11330321 562
2128 11330883 7854
2129 11338737 2922
2130 11341659 3692
2131 11345351 2798
2132 11348149 1276
2133 11349425 1056
2134 11350481 2208
2135 11352689 303
2136 11352992 258
2137 11353250 313
2138 11353563 11926
2139 11365489 5420
2140 11370909 5963
2141 11376872 1829
2142 11378701 1113
2143 11379814 22734
2144 11402548 1570
2145 11404118 6684
2146 11410802 6477
2147 11417279 9641
2148 11426920 1693
2149 11428613 3839
2150 11432452 2163
2151 11434615 2743
2152 11437358 2811
2153 11440169 1983
2154 11442152 2502
2155 11444654 7228
2156 11451882 1620
2157 11453502 1211
2158 11454713 1211
2159 11455924 1203
2160 11457127 1211
2161 11458338 1211
2162 11459549 1211
2163 11460760 1211
2164 11461971 1211
2165 11463182 1211
2166 11464393 854
2167 11465247 1186
2168 11466433 8146
2169 11474579 5612
2170 11480191 1386
2171 11481577 2070
2172 11483647 4821
2173 11488468 6851
2174 11495319 8252
2175 11503571 3982
2176 11507553 5556
2177 11513109 1310
2178 11514419 8922
2179 11523341 6082
2180 11529423 2126
2181 11531549 4521
2182 11536070 2008
2183 11538078 9370
2184 11547448 2466
2185 11549914 1334
2186 11551248 2987
2187 11554235 2221
2188 11556456 3078
2189 11559534 1004
2190 11560538 3834
2191 11564372 2660
2192 11567032 1578
2193 11568610 3473
2194 11572083 1720
2195 11573803 6438
2196 11580241 2532
2197 11582773 2219
2198 11584992 5138
2199 11590130 8634
2200 11598764 5256
2201 11604020 1154
2202 11605174 1366
2203 11606540 1529
2204 11608069 2532
2205 11610601 2428
2206 11613029 1886
2207 11614915 3569
2208 11618484 2486
2209 11620970 3993
2210 11624963 3821
2211 11628784 503
2212 11629287 13453
2213 11642740 9670
2214 11652410 2528
2215 11654938 2150
2216 11657088 2498
2217 11659586 2722
2218 11662308 6449
2219 11668757 8064
2220 11676821 5296
2221 11682117 6014
2222 11688131 4626
2223 11692757 2562
2224 11695319 2550
2225 11697869 7481
2226 11705350 8578
2227 11713928 5472
2228 11719400 710
2229 11720110 2861
2230 11722971 3312
2231 11726283 1201
2232 11727484 1844
2233 11729328 1987
2234 11731315 703
2235 11732018 544
2236 11732562 667
2237 11733229 2639
2238 11735868 2581
2239 11738449 1984
2240 11740433 5836
2241 11746269 2099
2242 11748368 3887
2243 11752255 8200
2244 11760455 4254
2245 11764709 2450
2246 11767159 1640
2247 11768799 3075
2248 11771874 1842
2249 11773716 8373
2250 11782089 1762
2251 11783851 7464
2252 11791315 1357
2253 11792672 1135
2254 11793807 9137
2255 11802944 11326
2256 11814270 9311
2257 11823581 16066
2258 11839647 8813
2259 11848460 8505
2260 11856965 7440
2261 11864405 11351
2262 11875756 19564
2263 11895320 13614
2264 11908934 5542
2265 11914476 550
2266 11915026 890
2267 11915916 3254
2268 11919170 7400
2269 11926570 597
2270 11927167 1595
2271 11928762 3517
2272 11932279 2161
2273 11934440 9227
2274 11943667 8081
2275 11951748 8624
2276 11960372 4749
2277 11965121 2747
2278 11967868 4141
2279 11972009 5138
2280 11977147 7210
2281 11984357 3465
2282 11987822 2892
2283 11990714 737
2284 11991451 1110
2285 11992561 1698
2286 11994259 6736
2287 12000995 1406
2288 12002401 11509
2289 12013910 6406
2290 12020316 4497
2291 12024813 25864
2292 12050677 3808
2293 12054485 5201
2294 12059686 8464
2295 12068150 9831
2296 12077981 4691
2297 12082672 6431
2298 12089103 9657
2299 12098760 12905
2300 12111665 4750
2301 12116415 11018
2302 12127433 6332
2303 12133765 5169
2304 12138934 1815
2305 12140749 3874
2306 12144623 4825
2307 12149448 3768
2308 12153216 10776
2309 12163992 9974
2310 12173966 6908
2311 12180874 6169
2312 12187043 6647
2313 12193690 5865
2314 12199555 4158
2315 12203713 3967
2316 12207680 3563
2317 12211243 3902
2318 12215145 3392
2319 12218537 12336
2320 12230873 12903
2321 12243776 4289
2322 12248065 2921
2323 12250986 5632
2324 12256618 15978
2325 12272596 4353
2326 12276949 777
2327 12277726 1262
2328 12278988 4470
2329 12283458 4444
2330 12287902 2149
2331 12290051 13098
2332 12303149 6767
2333 12309916 8894
2334 12318810 7807
2335 12326617 10758
2336 12337375 274
2337 12337649 7065
2338 12344714 9008
2339 12353722 2402
2340 12356124 8224
2341 12364348 8356
2342 12372704 3957
2343 12376661 5817
2344 12382478 10328
2345 12392806 2607
2346 12395413 13804
2347 12409217 4747
2348 12413964 589
2349 12414553 1593
2350 12416146 3148
2351 12419294 2203
2352 12421497 1065
2353 12422562 5502
2354 12428064 2034
2355 12430098 1564
2356 12431662 1919
2357 12433581 1233
2358 12434814 1240
2359 12436054 7021
2360 12443075 3819
2361 12446894 1085
2362 12447979 2535
2363 12450514 2294
2364 12452808 3285
2365 12456093 2650
2366 12458743 30105
2367 12488848 1159
2368 12490007 1809
2369 12491816 5172
2370 12496988 1313
2371 12498301 1713
2372 12500014 1794
2373 12501808 2473
2374 12504281 1741
2375 12506022 1645
2376 12507667 2702
2377 12510369 3285
2378 12513654 4727
2379 12518381 1847
2380 12520228 1018
2381 12521246 1557
2382 12522803 2117
2383 12524920 1591
2384 12526511 1863
2385 12528374 1351
2386 12529725 1970
2387 12531695 1686
2388 12533381 923
2389 12534304 2781
2390 12537085 1938
2391 12539023 6218
2392 12545241 2792
2393 12548033 1467
2394 12549500 1269
2395 12550769 2751
2396 12553520 1520
2397 12555040 2380
2398 12557420 1531
2399 12558951 1403
2400 12560354 2255
2401 12562609 1584
2402 12564193 1779
2403 12565972 5283
2404 12571255 2651
2405 12573906 5673
2406 12579579 1739
2407 12581318 1361
2408 12582679 3034
2409 12585713 1666
2410 12587379 2854
2411 12590233 1358
2412 12591591 925
2413 12592516 1672
2414 12594188 4060
2415 12598248 3301
2416 12601549 3050
2417 12604599 3422
2418 12608021 2777
2419 12610798 1472
2420 12612270 1435
2421 12613705 949
2422 12614654 2230
2423 12616884 1692
2424 12618576 1155
2425 12619731 3389
2426 12623120 3266
2427 12626386 3843
2428 12630229 1819
2429 12632048 4937
2430 12636985 3929
2431 12640914 1832
2432 12642746 1850
2433 12644596 1034
2434 12645630 1335
2435 12646965 1050
2436 12648015 1227
2437 12649242 5151
2438 12654393 2346
2439 12656739 1920
2440 12658659 1194
2441 12659853 1357
2442 12661210 1303
2443 12662513 4248
2444 12666761 1571
2445 12668332 2754
2446 12671086 2206
2447 12673292 1164
2448 12674456 1899
2449 12676355 5064
2450 12681419 2403
2451 12683822 5060
2452 12688882 6605
2453 12695487 4782
2454 12700269 4300
2455 12704569 3668
2456 12708237 3115
2457 12711352 4166
2458 12715518 8710
2459 12724228 4101
2460 12728329 7597
2461 12735926 38633
2462 12774559 5505
2463 12780064 17937
2464 12798001 5356
2465 12803357 2834
2466 12806191 10606
2467 12816797 3848
2468 12820645 4793
2469 12825438 5473
2470 12830911 4891
2471 12835802 5311
2472 12841113 6791
2473 12847904 6550
2474 12854454 4744
2475 12859198 4215
2476 12863413 9018
2477 12872431 8470
2478 12880901 5548
2479 12886449 4337
2480 12890786 7509
2481 12898295 7970
2482 12906265 5713
2483 12911978 5423
2484 12917401 4530
2485 12921931 5025
2486 12926956 4383
2487 12931339 4435
2488 12935774 5411
2489 12941185 1322
2490 12942507 4074
2491 12946581 19937
2492 12966518 3774
2493 12970292 6398
2494 12976690 4743
2495 12981433 2879
2496 12984312 3546
2497 12987858 3979
2498 12991837 3533
2499 12995370 4342
2500 12999712 11981
2501 13011693 4309
2502 13016002 8284
2503 13024286 7928
2504 13032214 8068
2505 13040282 7375
2506 13047657 1694
2507 13049351 5317
2508 13054668 16514
2509 13071182 4673
2510 13075855 9514
2511 13085369 5374
2512 13090743 4262
2513 13095005 4851
2514 13099856 4096
2515 13103952 10574
2516 13114526 5620
2517 13120146 4178
2518 13124324 3228
2519 13127552 3811
2520 13131363 3986
2521 13135349 3378
2522 13138727 3483
2523 13142210 18496
2524 13160706 4873
2525 13165579 5429
2526 13171008 3464
2527 13174472 11540
2528 13186012 7942
2529 13193954 19604
2530 13213558 5520
2531 13219078 1295
2532 13220373 2192
2533 13222565 2936
2534 13225501 3731
2535 13229232 19419
2536 13248651 19842
2537 13268493 4417
2538 13272910 4363
2539 13277273 3587
2540 13280860 12630
2541 13293490 6850
2542 13300340 25852
2543 13326192 11293
2544 13337485 7160
2545 13344645 1616
2546 13346261 6013
2547 13352274 6417
2548 13358691 23656
2549 13382347 1632
2550 13383979 2875
2551 13386854 2063
2552 13388917 3183
2553 13392100 6386
2554 13398486 1050
2555 13399536 6707
2556 13406243 1004
2557 13407247 1214
2558 13408461 855
2559 13409316 6379
2560 13415695 2911
2561 13418606 5145
2562 13423751 9136
2563 13432887 7421
2564 13440308 1898
2565 13442206 5557
2566 13447763 3667
2567 13451430 1576
2568 13453006 708
2569 13453714 3351
2570 13457065 9237
2571 13466302 2946
2572 13469248 2284
2573 13471532 5781
2574 13477313 1367
2575 13478680 4479
2576 13483159 759
2577 13483918 2620
2578 13486538 1605
2579 13488143 1202
2580 13489345 2584
2581 13491929 4428
2582 13496357 2993
2583 13499350 5498
2584 13504848 5932
2585 13510780 4531
2586 13515311 2828
2587 13518139 2134
2588 13520273 1136
2589 13521409 874
2590 13522283 2705
2591 13524988 5849
2592 13530837 1014
2593 13531851 1874
2594 13533725 1801
2595 13535526 7539
2596 13543065 1273
2597 13544338 2293
2598 13546631 2498
2599 13549129 1460
2600 13550589 649
2601 13551238 5070
2602 13556308 6188
2603 13562496 11690
2604 13574186 1284
2605 13575470 2409
2606 13577879 1096
2607 13578975 1331
2608 13580306 2249
2609 13582555 2887
2610 13585442 5253
2611 13590695 2507
2612 13593202 3089
2613 13596291 20146
2614 13616437 2915
2615 13619352 1679
2616 13621031 2313
2617 13623344 1830
2618 13625174 1527
2619 13626701 7417
2620 13634118 4669
2621 13638787 12657
2622 13651444 2479
2623 13653923 1889
2624 13655812 1512
2625 13657324 3175
2626 13660499 1445
2627 13661944 3947
2628 13665891 1170
2629 13667061 1197
2630 13668258 1403
2631 13669661 2452
2632 13672113 2026
2633 13674139 2427
2634 13676566 3532
2635 13680098 266
2636 13680364 1037
2637 13681401 7386
2638 13688787 5276
2639 13694063 6636
2640 13700699 4500
2641 13705199 3765
2642 13708964 2816
2643 13711780 30989
2644 13742769 4028
2645 13746797 5353
2646 13752150 2911
2647 13755061 2031
2648 13757092 4809
2649 13761901 1292
2650 13763193 2628
2651 13765821 535
2652 13766356 3226
2653 13769582 2174
2654 13771756 10257
2655 13782013 1190
2656 13783203 1406
2657 13784609 5245
2658 13789854 2596
2659 13792450 6718
2660 13799168 7889
2661 13807057 1481
2662 13808538 1835
2663 13810373 2309
2664 13812682 3477
2665 13816159 2021
2666 13818180 2165
2667 13820345 6112
2668 13826457 2139
2669 13828596 1520
2670 13830116 1170
2671 13831286 3241
2672 13834527 6378
2673 13840905 2047
2674 13842952 2455
2675 13845407 2672
2676 13848079 2676
2677 13850755 3666
2678 13854421 1476
2679 13855897 8559
2680 13864456 3973
2681 13868429 1543
2682 13869972 10509
2683 13880481 4163
2684 13884644 7266
2685 13891910 10099
2686 13902009 3423
2687 13905432 6559
2688 13911991 4436
2689 13916427 4725
2690 13921152 3057
2691 13924209 1384
2692 13925593 3137
2693 13928730 2020
2694 13930750 1733
2695 13932483 1779
2696 13934262 3417
2697 13937679 2128
2698 13939807 2193
2699 13942000 1047
2700 13943047 1957
2701 13945004 4021
2702 13949025 2262
2703 13951287 5462
2704 13956749 1808
2705 13958557 1960
2706 13960517 2608
2707 13963125 2258
2708 13965383 2443
2709 13967826 2250
2710 13970076 1857
2711 13971933 2447
2712 13974380 6082
2713 13980462 5018
2714 13985480 1692
2715 13987172 13739
2716 14000911 5436
2717 14006347 1040
2718 14007387 14569
2719 14021956 1918
2720 14023874 1669
2721 14025543 1159
2722 14026702 1581
2723 14028283 1828
2724 14030111 6142
2725 14036253 3052
2726 14039305 3142
2727 14042447 2450
2728 14044897 2018
2729 14046915 2914
2730 14049829 5467
2731 14055296 15456
2732 14070752 7303
2733 14078055 3419
2734 14081474 3298
2735 14084772 2604
2736 14087376 3024
2737 14090400 1406
2738 14091806 2361
2739 14094167 5337
2740 14099504 1675
2741 14101179 1360
2742 14102539 1768
2743 14104307 2054
2744 14106361 2128
2745 14108489 2667
2746 14111156 2092
2747 14113248 1559
2748 14114807 1553
2749 14116360 1458
2750 14117818 2554
2751 14120372 2016
2752 14122388 1622
2753 14124010 2621
2754 14126631 2068
2755 14128699 3813
2756 14132512 1003
2757 14133515 1268
2758 14134783 1987
2759 14136770 1499
2760 14138269 3872
2761 14142141 5779
2762 14147920 2301
2763 14150221 2963
2764 14153184 1565
2765 14154749 5811
2766 14160560 2719
2767 14163279 1348
2768 14164627 1326
2769 14165953 1395
2770 14167348 8016
2771 14175364 1773
2772 14177137 2891
2773 14180028 1303
2774 14181331 1491
2775 14182822 5185
2776 14188007 3102
2777 14191109 1357
2778 14192466 2849
2779 14195315 1504
2780 14196819 990
2781 14197809 2836
2782 14200645 1555
2783 14202200 968
2784 14203168 3061
2785 14206229 1283
2786 14207512 8840
2787 14216352 2669
2788 14219021 1685
2789 14220706 2295
2790 14223001 2051
2791 14225052 6314
2792 14231366 2139
2793 14233505 1627
2794 14235132 3208
2795 14238340 4120
2796 14242460 2744
2797 14245204 2943
2798 14248147 1097
2799 14249244 1479
2800 14250723 5566
2801 14256289 1707
2802 14257996 3679
2803 14261675 2141
2804 14263816 5869
2805 14269685 6841
2806 14276526 1281
2807 14277807 1580
2808 14279387 417
2809 14279804 2259
2810 14282063 1802
2811 14283865 3006
2812 14286871 1280
2813 14288151 2020
2814 14290171 982
2815 14291153 1928
2816 14293081 3027
2817 14296108 6946
2818 14303054 2721
2819 14305775 1623
2820 14307398 1828
2821 14309226 1765
2822 14310991 1020
2823 14312011 9019
2824 14321030 5670
2825 14326700 5728
2826 14332428 5545
2827 14337973 6802
2828 14344775 2133
2829 14346908 19516
2830 14366424 7740
2831 14374164 1879
2832 14376043 1297
2833 14377340 3095
2834 14380435 1917
2835 14382352 2752
2836 14385104 4234
2837 14389338 1472
2838 14390810 654
2839 14391464 6631
2840 14398095 2475
2841 14400570 1888
2842 14402458 3406
2843 14405864 1948
2844 14407812 13818
2845 14421630 601
2846 14422231 1699
2847 14423930 3090
2848 14427020 2427
2849 14429447 2891
2850 14432338 18433
2851 14450771 6776
2852 14457547 8282
2853 14465829 3778
2854 14469607 5083
2855 14474690 3563
2856 14478253 1951
2857 14480204 1054
2858 14481258 1473
2859 14482731 1232
2860 14483963 2161
2861 14486124 1361
2862 14487485 1800
2863 14489285 1870
2864 14491155 2244
2865 14493399 1866
2866 14495265 7729
2867 14502994 18417
2868 14521411 3941
2869 14525352 4473
2870 14529825 3408
2871 14533233 3611
2872 14536844 10575
2873 14547419 4127
2874 14551546 1281
2875 14552827 956
2876 14553783 1568
2877 14555351 1029
2878 14556380 2037
2879 14558417 4526
2880 14562943 1694
2881 14564637 6306
2882 14570943 7762
2883 14578705 2057
2884 14580762 4067
2885 14584829 2737
2886 14587566 4835
2887 14592401 8912
2888 14601313 5041
2889 14606354 8039
2890 14614393 4849
2891 14619242 10103
2892 14629345 2276
2893 14631621 1681
2894 14633302 2165
2895 14635467 1940
2896 14637407 2501
2897 14639908 2959
2898 14642867 2647
2899 14645514 13366
2900 14658880 2554
2901 14661434 2325
2902 14663759 2579
2903 14666338 3151
2904 14669489 1652
2905 14671141 10225
2906 14681366 9717
2907 14691083 4785
2908 14695868 7065
2909 14702933 3725
2910 14706658 3492
2911 14710150 2912
2912 14713062 5943
2913 14719005 3149
2914 14722154 5924
2915 14728078 4838
2916 14732916 13800
2917 14746716 3896
2918 14750612 3035
2919 14753647 1689
2920 14755336 8174
2921 14763510 5757
2922 14769267 12568
2923 14781835 3881
2924 14785716 2270
2925 14787986 5533
2926 14793519 5915
2927 14799434 7993
2928 14807427 10208
2929 14817635 3668
2930 14821303 3454
2931 14824757 2250
2932 14827007 450
2933 14827457 3849
2934 14831306 2096
2935 14833402 1549
2936 14834951 7444
2937 14842395 1086
2938 14843481 1010
2939 14844491 1743
2940 14846234 3344
2941 14849578 1891
2942 14851469 4127
2943 14855596 2236
2944 14857832 4093
2945 14861925 1463
2946 14863388 4986
2947 14868374 2668
2948 14871042 1819
2949 14872861 2042
2950 14874903 1551
2951 14876454 2759
2952 14879213 791
2953 14880004 6016
2954 14886020 3392
2955 14889412 9009
2956 14898421 4081
2957 14902502 2107
2958 14904609 3488
2959 14908097 7654
2960 14915751 2698
2961 14918449 2795
2962 14921244 9726
2963 14930970 19403
2964 14950373 3174
2965 14953547 2811
2966 14956358 5434
2967 14961792 2319
2968 14964111 4325
2969 14968436 6654
2970 14975090 1028
2971 14976118 4947
2972 14981065 8346
2973 14989411 5413
2974 14994824 6744
2975 15001568 988
2976 15002556 3853
2977 15006409 3017
2978 15009426 3652
2979 15013078 2608
2980 15015686 3768
2981 15019454 4754
2982 15024208 9698
2983 15033906 9705
2984 15043611 11597
2985 15055208 2221
2986 15057429 4864
2987 15062293 3086
2988 15065379 1716
2989 15067095 5854
2990 15072949 2099
2991 15075048 1991
2992 15077039 8460
2993 15085499 8863
2994 15094362 2826
2995 15097188 4561
2996 15101749 3216
2997 15104965 2012
2998 15106977 10717
2999 15117694 6350
3000 15124044 4951
3001 15128995 5374
3002 15134369 1388
3003 15135757 1924
3004 15137681 3673
3005 15141354 264
3006 15141618 3772
3007 15145390 2601
3008 15147991 7756
3009 15155747 7073
3010 15162820 6556
3011 15169376 8870
3012 15178246 3221
3013 15181467 2881
3014 15184348 1914
3015 15186262 7131
3016 15193393 3482
3017 15196875 2721
3018 15199596 1233
3019 15200829 11707
3020 15212536 10911
3021 15223447 9972
3022 15233419 7007
3023 15240426 9007
3024 15249433 2363
3025 15251796 590
3026 15252386 2845
3027 15255231 693
3028 15255924 6443
3029 15262367 4370
3030 15266737 2392
3031 15269129 9263
3032 15278392 6591
3033 15284983 1632
3034 15286615 7484
3035 15294099 2803
3036 15296902 7754
3037 15304656 4545
3038 15309201 3010
3039 15312211 6380
3040 15318591 9324
3041 15327915 3044
3042 15330959 4456
3043 15335415 3968
3044 15339383 1786
3045 15341169 6588
3046 15347757 5545
3047 15353302 5304
3048 15358606 8100
3049 15366706 1908
3050 15368614 2890
3051 15371504 3201
3052 15374705 5234
3053 15379939 5625
3054 15385564 4759
3055 15390323 5596
3056 15395919 1938
3057 15397857 3942
3058 15401799 6140
3059 15407939 2523
3060 15410462 4495
3061 15414957 1032
3062 15415989 849
3063 15416838 4233
3064 15421071 2730
3065 15423801 3019
3066 15426820 1313
3067 15428133 2006
3068 15430139 2379
3069 15432518 2797
3070 15435315 2365
3071 15437680 1352
3072 15439032 4760
3073 15443792 4641
3074 15448433 3638
3075 15452071 3191
3076 15455262 4165
3077 15459427 4564
3078 15463991 2834
3079 15466825 3882
3080 15470707 2369
3081 15473076 1800
3082 15474876 2358
3083 15477234 20559
3084 15497793 3371
3085 15501164 4143
3086 15505307 1978
3087 15507285 8793
3088 15516078 2737
3089 15518815 5376
3090 15524191 5408
3091 15529599 3748
3092 15533347 4229
3093 15537576 5991
3094 15543567 3088
3095 15546655 5521
3096 15552176 1797
3097 15553973 2680
3098 15556653 5091
3099 15561744 4848
3100 15566592 3371
3101 15569963 5479
3102 15575442 5550
3103 15580992 4337
3104 15585329 2597
3105 15587926 4471
3106 15592397 7459
3107 15599856 244
3108 15600100 4790
3109 15604890 229
3110 15605119 961
3111 15606080 852
3112 15606932 2293
3113 15609225 1838
3114 15611063 996
3115 15612059 1898
3116 15613957 12196
3117 15626153 4494
3118 15630647 1940
3119 15632587 6947
3120 15639534 10040
3121 15649574 1175
3122 15650749 10004
3123 15660753 3439
3124 15664192 1461
3125 15665653 3575
3126 15669228 5425
3127 15674653 4725
3128 15679378 5600
3129 15684978 3515
3130 15688493 1794
3131 15690287 840
3132 15691127 2638
3133 15693765 3999
3134 15697764 3587
3135 15701351 5228
3136 15706579 5315
3137 15711894 1373
3138 15713267 9432
3139 15722699 3347
3140 15726046 653
3141 15726699 1606
3142 15728305 3378
3143 15731683 1940
3144 15733623 3335
3145 15736958 5171
3146 15742129 2190
3147 15744319 5890
3148 15750209 2360
3149 15752569 4275
3150 15756844 4976
3151 15761820 1097
3152 15762917 1153
3153 15764070 6757
3154 15770827 2228
3155 15773055 1999
3156 15775054 6757
3157 15781811 6274
3158 15788085 3695
3159 15791780 698
3160 15792478 1904
3161 15794382 3148
3162 15797530 1325
3163 15798855 2368
3164 15801223 1180
3165 15802403 3547
3166 15805950 4179
3167 15810129 4395
3168 15814524 6355
3169 15820879 3822
3170 15824701 779
3171 15825480 4344
3172 15829824 4148
3173 15833972 604
3174 15834576 1066
3175 15835642 1651
3176 15837293 3722
3177 15841015 3656
3178 15844671 4871
3179 15849542 2765
3180 15852307 2146
3181 15854453 3198
3182 15857651 869
3183 15858520 7249
3184 15865769 1014
3185 15866783 3215
3186 15869998 2452
3187 15872450 2741
3188 15875191 3473
3189 15878664 2617
3190 15881281 4138
3191 15885419 2109
3192 15887528 1929
3193 15889457 4503
3194 15893960 1490
3195 15895450 4492
3196 15899942 3949
3197 15903891 5748
3198 15909639 6732
3199 15916371 4598
3200 15920969 1868
3201 15922837 1337
3202 15924174 2916
3203 15927090 6511
3204 15933601 2606
3205 15936207 3515
3206 15939722 2780
3207 15942502 2344
3208 15944846 10567
3209 15955413 831
3210 15956244 9183
3211 15965427 6881
3212 15972308 2272
3213 15974580 2588
3214 15977168 2458
3215 15979626 2437
3216 15982063 1414
3217 15983477 1203
3218 15984680 3013
3219 15987693 10239
3220 15997932 1344
3221 15999276 4036
3222 16003312 1192
3223 16004504 524
3224 16005028 10863
3225 16015891 1903
3226 16017794 3431
3227 16021225 3410
3228 16024635 3650
3229 16028285 9760
3230 16038045 2252
3231 16040297 1179
3232 16041476 848
3233 16042324 1122
3234 16043446 1900
3235 16045346 8589
3236 16053935 3523
3237 16057458 6413
3238 16063871 4882
3239 16068753 5678
3240 16074431 1774
3241 16076205 5428
3242 16081633 1759
3243 16083392 1778
3244 16085170 6870
3245 16092040 2852
3246 16094892 1564
3247 16096456 2134
3248 16098590 2648
3249 16101238 2645
3250 16103883 3848
3251 16107731 10244
3252 16117975 7964
3253 16125939 9568
3254 16135507 12550
3255 16148057 16659
3256 16164716 9584
3257 16174300 14416
3258 16188716 13254
3259 16201970 8582
3260 16210552 21391
3261 16231943 13483
3262 16245426 45203
3263 16290629 23203
3264 16313832 22239
3265 16336071 9051
3266 16345122 2877
3267 16347999 2766
3268 16350765 1310
3269 16352075 1166
3270 16353241 921
3271 16354162 1041
3272 16355203 1056
3273 16356259 2420
3274 16358679 1804
3275 16360483 1213
3276 16361696 963
3277 16362659 1194
3278 16363853 1418
3279 16365271 1059
3280 16366330 2010
3281 16368340 2686
3282 16371026 1336
3283 16372362 2803
3284 16375165 2879
3285 16378044 3060
3286 16381104 1123
3287 16382227 3688
3288 16385915 2606
3289 16388521 4357
3290 16392878 3393
3291 16396271 5944
3292 16402215 3362
3293 16405577 983
3294 16406560 2390
3295 16408950 4690
3296 16413640 2375
3297 16416015 857
3298 16416872 5868
3299 16422740 1297
3300 16424037 6078
3301 16430115 937
3302 16431052 1681
3303 16432733 936
3304 16433669 3337
3305 16437006 6480
3306 16443486 889
3307 16444375 3483
3308 16447858 4100
3309 16451958 1310
3310 16453268 1144
3311 16454412 1865
3312 16456277 1598
3313 16457875 2560
3314 16460435 2559
3315 16462994 1811
3316 16464805 1442
3317 16466247 2973
3318 16469220 2500
3319 16471720 1631
3320 16473351 1924
3321 16475275 1144
3322 16476419 1014
3323 16477433 3427
3324 16480860 2021
3325 16482881 1992
3326 16484873 2287
3327 16487160 2017
3328 16489177 3187
3329 16492364 1857
3330 16494221 3260
3331 16497481 3864
3332 16501345 580
3333 16501925 1168
3334 16503093 873
3335 16503966 2631
3336 16506597 1120
3337 16507717 2343
3338 16510060 1925
3339 16511985 1487
3340 16513472 787
3341 16514259 1740
3342 16515999 2601
3343 16518600 1629
3344 16520229 2349
3345 16522578 2452
3346 16525030 2312
3347 16527342 1130
3348 16528472 2583
3349 16531055 1489
3350 16532544 4249
3351 16536793 2172
3352 16538965 1853
3353 16540818 2312
3354 16543130 4276
3355 16547406 600
3356 16548006 893
3357 16548899 2627
3358 16551526 4302
3359 16555828 3621
3360 16559449 967
3361 16560416 4143
3362 16564559 3577
3363 16568136 1284
3364 16569420 2458
3365 16571878 2717
3366 16574595 3402
3367 16577997 3753
3368 16581750 6419
3369 16588169 1550
3370 16589719 2747
3371 16592466 2156
3372 16594622 3171
3373 16597793 1665
3374 16599458 8577
3375 16608035 3566
3376 16611601 3453
3377 16615054 1428
3378 16616482 7978
3379 16624460 8262
3380 16632722 8699
3381 16641421 5748
3382 16647169 7481
3383 16654650 7144
3384 16661794 5553
3385 16667347 1857
3386 16669204 6486
3387 16675690 9098
3388 16684788 3926
3389 16688714 4655
3390 16693369 2789
3391 16696158 2459
3392 16698617 3923
3393 16702540 4871
3394 16707411 4324
3395 16711735 3309
3396 16715044 7114
3397 16722158 8637
3398 16730795 8550
3399 16739345 2858
3400 16742203 707
3401 16742910 4251
3402 16747161 8197
3403 16755358 8398
3404 16763756 5469
3405 16769225 2474
3406 16771699 7659
3407 16779358 6703
3408 16786061 3523
3409 16789584 2960
3410 16792544 1120
3411 16793664 3114
3412 16796778 10661
3413 16807439 7624
3414 16815063 7677
3415 16822740 1101
3416 16823841 3029
3417 16826870 1854
3418 16828724 8088
3419 16836812 7002
3420 16843814 4122
3421 16847936 1092
3422 16849028 9640
3423 16858668 9691
3424 16868359 2766
3425 16871125 3854
3426 16874979 5751
3427 16880730 14843
3428 16895573 3105
3429 16898678 4516
3430 16903194 7952
3431 16911146 6559
3432 16917705 2567
3433 16920272 3926
3434 16924198 3861
3435 16928059 1919
3436 16929978 3446
3437 16933424 5138
3438 16938562 2300
3439 16940862 1166
3440 16942028 1423
3441 16943451 4055
3442 16947506 1050
3443 16948556 3546
3444 16952102 3360
3445 16955462 3735
3446 16959197 3336
3447 16962533 2524
3448 16965057 1046
3449 16966103 1321
3450 16967424 8126
3451 16975550 7072
3452 16982622 4543
3453 16987165 7357
3454 16994522 1055
3455 16995577 3389
3456 16998966 9130
3457 17008096 2207
3458 17010303 6355
3459 17016658 6346
3460 17023004 1202
3461 17024206 890
3462 17025096 6860
3463 17031956 3641
3464 17035597 2740
3465 17038337 1083
3466 17039420 3296
3467 17042716 3799
3468 17046515 4312
3469 17050827 3669
3470 17054496 14669
3471 17069165 3116
3472 17072281 4884
3473 17077165 4167
3474 17081332 2685
3475 17084017 2788
3476 17086805 3634
3477 17090439 3532
3478 17093971 19859
3479 17113830 4062
3480 17117892 1316
3481 17119208 4236
3482 17123444 3738
3483 17127182 5411
3484 17132593 4383
3485 17136976 3857
3486 17140833 4435
3487 17145268 3132
3488 17148400 1752
3489 17150152 4367
3490 17154519 3799
3491 17158318 3241
3492 17161559 4060
3493 17165619 4222
3494 17169841 3606
3495 17173447 3706
3496 17177153 3868
3497 17181021 4067
3498 17185088 3534
3499 17188622 4373
3500 17192995 10574
3501 17203569 3826
3502 17207395 4782
3503 17212177 3566
3504 17215743 4084
3505 17219827 4839
3506 17224666 4248
3507 17228914 4014
3508 17232928 3541
3509 17236469 2908
3510 17239377 3153
3511 17242530 3195
3512 17245725 4124
3513 17249849 3330
3514 17253179 19419
3515 17272598 4417
3516 17277015 3470
3517 17280485 1616
3518 17282101 3516
3519 17285617 3578
3520 17289195 19604
3521 17308799 4736
3522 17313535 1573
3523 17315108 3476
3524 17318584 4911
3525 17323495 4209
3526 17327704 3405
3527 17331109 1289
3528 17332398 3516
3529 17335914 5508
3530 17341422 3838
3531 17345260 5128
3532 17350388 3234
3533 17353622 3352
3534 17356974 3701
3535 17360675 3793
3536 17364468 3543
3537 17368011 2799
3538 17370810 3301
3539 17374111 3709
3540 17377820 3258
3541 17381078 3613
3542 17384691 19002
3543 17403693 4579
3544 17408272 3844
3545 17412116 3684
3546 17415800 1657
3547 17417457 4392
3548 17421849 1301
3549 17423150 995
3550 17424145 3023
3551 17427168 4134
3552 17431302 3612
3553 17434914 2911
3554 17437825 3591
3555 17441416 2675
3556 17444091 1172
3557 17445263 4285
3558 17449548 19877
3559 17469425 3890
3560 17473315 4885
3561 17478200 3392
3562 17481592 4878
3563 17486470 3378
3564 17489848 3338
3565 17493186 3710
3566 17496896 824
3567 17497720 3292
3568 17501012 829
3569 17501841 6279
3570 17508120 6421
3571 17514541 5799
3572 17520340 10810
3573 17531150 3855
3574 17535005 1646
3575 17536651 2211
3576 17538862 9646
3577 17548508 4374
3578 17552882 6447
3579 17559329 3110
3580 17562439 6160
3581 17568599 6141
3582 17574740 1755
3583 17576495 6534
3584 17583029 3337
3585 17586366 6772
3586 17593138 9096
3587 17602234 1487
3588 17603721 2972
3589 17606693 1837
3590 17608530 3413
3591 17611943 6079
3592 17618022 6859
3593 17624881 6365
3594 17631246 6487
3595 17637733 9762
3596 17647495 9803
3597 17657298 1243
3598 17658541 776
3599 17659317 1209
3600 17660526 3859
3601 17664385 731
3602 17665116 5589
3603 17670705 1454
3604 17672159 2843
3605 17675002 2380
3606 17677382 5590
3607 17682972 12280
3608 17695252 2659
3609 17697911 26148
3610 17724059 3773
3611 17727832 4098
3612 17731930 12493
3613 17744423 4464
3614 17748887 3954
3615 17752841 14714
3616 17767555 12336
3617 17779891 3738
3618 17783629 1699
3619 17785328 9165
3620 17794493 1866
3621 17796359 775
3622 17797134 3294
3623 17800428 2919
3624 17803347 5882
3625 17809229 9681
3626 17818910 4106
3627 17823016 1197
3628 17824213 1848
3629 17826061 5563
3630 17831624 4660
3631 17836284 4606
3632 17840890 4457
3633 17845347 1921
3634 17847268 4433
3635 17851701 3738
3636 17855439 6227
3637 17861666 4254
3638 17865920 1168
3639 17867088 797
3640 17867885 8907
3641 17876792 4017
3642 17880809 7070
3643 17887879 1575
3644 17889454 2541
3645 17891995 1150
3646 17893145 1088
3647 17894233 1079
3648 17895312 5390
3649 17900702 11062
3650 17911764 810
3651 17912574 729
3652 17913303 4081
3653 17917384 10153
3654 17927537 1372
3655 17928909 3173
3656 17932082 915
3657 17932997 746
3658 17933743 690
3659 17934433 1051
3660 17935484 789
3661 17936273 1816
3662 17938089 12362
3663 17950451 4390
3664 17954841 11255
3665 17966096 3674
3666 17969770 5172
3667 17974942 9857
3668 17984799 1718
3669 17986517 807
3670 17987324 792
3671 17988116 2986
3672 17991102 1936
3673 17993038 2377
3674 17995415 3248
3675 17998663 2958
3676 18001621 3021
3677 18004642 3073
3678 18007715 2503
3679 18010218 2534
3680 18012752 2603
3681 18015355 919
3682 18016274 1661
3683 18017935 5895
3684 18023830 2643
3685 18026473 1353
3686 18027826 2110
3687 18029936 1645
3688 18031581 2963
3689 18034544 5868
3690 18040412 1260
3691 18041672 2887
3692 18044559 1909
3693 18046468 1302
3694 18047770 1186
3695 18048956 1843
3696 18050799 6057
3697 18056856 1867
3698 18058723 3505
3699 18062228 1660
3700 18063888 678
3701 18064566 2769
3702 18067335 964
3703 18068299 5826
3704 18074125 5276
3705 18079401 1678
3706 18081079 829
3707 18081908 858
3708 18082766 2550
3709 18085316 5865
3710 18091181 3804
3711 18094985 3780
3712 18098765 3738
3713 18102503 3833
3714 18106336 3887
3715 18110223 3915
3716 18114138 4119
3717 18118257 3936
3718 18122193 3861
3719 18126054 3885
3720 18129939 3903
3721 18133842 3822
3722 18137664 3861
3723 18141525 3879
3724 18145404 3875
3725 18149279 3922
3726 18153201 3761
3727 18156962 694
3728 18157656 5885
3729 18163541 750
3730 18164291 2870
3731 18167161 2933
3732 18170094 1158
3733 18171252 1341
3734 18172593 7646
3735 18180239 1550
3736 18181789 2362
3737 18184151 2162
3738 18186313 1523
3739 18187836 1049
3740 18188885 1768
3741 18190653 2688
3742 18193341 1975
3743 18195316 17106
3744 18212422 1612
3745 18214034 4913
3746 18218947 2174
3747 18221121 2885
3748 18224006 6345
3749 18230351 599
3750 18230950 4099
3751 18235049 2107
3752 18237156 1278
3753 18238434 4724
3754 18243158 919
3755 18244077 2183
3756 18246260 1961
3757 18248221 4248
3758 18252469 4761
3759 18257230 9303
3760 18266533 4196
3761 18270729 2772
3762 18273501 910
3763 18274411 875
3764 18275286 974
3765 18276260 1118
3766 18277378 4386
3767 18281764 5530
3768 18287294 3086
3769 18290380 2818
3770 18293198 3811
3771 18297009 2193
3772 18299202 4077
3773 18303279 13208
3774 18316487 2584
3775 18319071 1988
3776 18321059 3692
3777 18324751 3935
3778 18328686 3945
3779 18332631 1966
3780 18334597 5508
3781 18340105 6946
3782 18347051 2578
3783 18349629 4652
3784 18354281 7046
3785 18361327 1573
3786 18362900 2554
3787 18365454 2743
3788 18368197 884
3789 18369081 5431
3790 18374512 339
3791 18374851 908
3792 18375759 3647
3793 18379406 5996
3794 18385402 1308
3795 18386710 1455
3796 18388165 3757
3797 18391922 4653
3798 18396575 2457
3799 18399032 2273
3800 18401305 3847
3801 18405152 4131
3802 18409283 999
3803 18410282 3008
3804 18413290 1210
3805 18414500 1854
3806 18416354 2073
3807 18418427 3197
3808 18421624 7214
3809 18428838 8683
3810 18437521 4037
3811 18441558 4068
3812 18445626 4698
3813 18450324 3974
3814 18454298 4701
3815 18458999 1228
3816 18460227 4287
3817 18464514 2779
3818 18467293 1787
3819 18469080 1149
3820 18470229 4111
3821 18474340 3947
3822 18478287 2961
3823 18481248 1361
3824 18482609 3237
3825 18485846 7762
3826 18493608 19145
3827 18512753 2268
3828 18515021 3856
3829 18518877 1718
3830 18520595 4324
3831 18524919 5192
3832 18530111 8925
3833 18539036 3215
3834 18542251 13448
3835 18555699 3816
3836 18559515 256
3837 18559771 6446
3838 18566217 8782
3839 18574999 5839
3840 18580838 2238
3841 18583076 5046
3842 18588122 1285
3843 18589407 3935
3844 18593342 6436
3845 18599778 1736
3846 18601514 3511
3847 18605025 2877
3848 18607902 6364
3849 18614266 5467
3850 18619733 1878
3851 18621611 6826
3852 18628437 3745
3853 18632182 10506
3854 18642688 7052
3855 18649740 4634
3856 18654374 3596
3857 18657970 6524
3858 18664494 9710
3859 18674204 1664
3860 18675868 2849
3861 18678717 2472
3862 18681189 4631
3863 18685820 8785
3864 18694605 1657
3865 18696262 4887
3866 18701149 1680
3867 18702829 277
3868 18703106 2877
3869 18705983 1004
3870 18706987 1181
3871 18708168 15634
3872 18723802 6489
3873 18730291 14020
3874 18744311 793
3875 18745104 2826
3876 18747930 2108
3877 18750038 2665
3878 18752703 2841
3879 18755544 1834
3880 18757378 20120
3881 18777498 9095
3882 18786593 3628
3883 18790221 3610
3884 18793831 3451
3885 18797282 2159
3886 18799441 3418
3887 18802859 486
3888 18803345 2603
3889 18805948 2965
3890 18808913 13986
3891 18822899 1863
3892 18824762 4164
3893 18828926 2816
3894 18831742 3025
3895 18834767 985
3896 18835752 744
3897 18836496 20206
3898 18856702 3902
3899 18860604 286
3900 18860890 28692
3901 18889582 4270
3902 18893852 7457
3903 18901309 9387
3904 18910696 30368
3905 18941064 19739
3906 18960803 1006
3907 18961809 672
3908 18962481 2380
3909 18964861 1670
3910 18966531 5021
3911 18971552 3371
3912 18974923 4104
3913 18979027 2556
3914 18981583 4647
3915 18986230 1200
3916 18987430 2059
3917 18989489 725
3918 18990214 477
3919 18990691 9975
3920 19000666 2356
3921 19003022 909
3922 19003931 30508
3923 19034439 3598
3924 19038037 987
3925 19039024 2641
3926 19041665 3179
3927 19044844 386
3928 19045230 7270
3929 19052500 19087
3930 19071587 5758
3931 19077345 1358
3932 19078703 2235
3933 19080938 2403
3934 19083341 2664
3935 19086005 2606
3936 19088611 1300
3937 19089911 9055
3938 19098966 3703
3939 19102669 2201
3940 19104870 2414
3941 19107284 22151
3942 19129435 908
3943 19130343 451
3944 19130794 1207
3945 19132001 3900
3946 19135901 1191
3947 19137092 3594
3948 19140686 3306
3949 19143992 1633
3950 19145625 1402
3951 19147027 2072
3952 19149099 2213
3953 19151312 1339
3954 19152651 1369
3955 19154020 3951
3956 19157971 608
3957 19158579 6526
3958 19165105 2630
3959 19167735 3728
3960 19171463 876
3961 19172339 1327
3962 19173666 2473
3963 19176139 745
3964 19176884 844
3965 19177728 5073
3966 19182801 3819
3967 19186620 1714
3968 19188334 2764
3969 19191098 2745
3970 19193843 577
3971 19194420 4213
3972 19198633 6135
3973 19204768 1801
3974 19206569 3656
3975 19210225 2518
3976 19212743 6086
3977 19218829 5843
3978 19224672 7829
3979 19232501 5002
3980 19237503 970
3981 19238473 1336
3982 19239809 2096
3983 19241905 4128
3984 19246033 3557
3985 19249590 669
3986 19250259 4122
3987 19254381 2973
3988 19257354 2916
3989 19260270 3568
3990 19263838 5675
3991 19269513 4710
3992 19274223 5157
3993 19279380 2770
3994 19282150 9231
3995 19291381 9469
3996 19300850 5611
3997 19306461 2086
3998 19308547 7418
3999 19315965 2057
4000 19318022 3551
4001 19321573 3797
4002 19325370 2671
4003 19328041 8429
4004 19336470 1371
4005 19337841 1947
4006 19339788 3151
4007 19342939 4623
4008 19347562 2088
4009 19349650 1264
4010 19350914 1284
4011 19352198 5352
4012 19357550 2846
4013 19360396 4079
4014 19364475 1201
4015 19365676 2087
4016 19367763 2209
4017 19369972 1402
4018 19371374 2957
4019 19374331 1649
4020 19375980 7384
4021 19383364 5361
4022 19388725 802
4023 19389527 597
4024 19390124 926
4025 19391050 737
4026 19391787 598
4027 19392385 636
4028 19393021 1406
4029 19394427 3589
4030 19398016 3804
4031 19401820 577
4032 19402397 2150
4033 19404547 1403
4034 19405950 3461
4035 19409411 6315
4036 19415726 3333
4037 19419059 5389
4038 19424448 3075
4039 19427523 3876
4040 19431399 3355
4041 19434754 3104
4042 19437858 2166
4043 19440024 2000
4044 19442024 3263
4045 19445287 3842
4046 19449129 276
4047 19449405 2007
4048 19451412 2237
4049 19453649 3874
4050 19457523 3865
4051 19461388 3687
4052 19465075 11217
4053 19476292 10140
4054 19486432 2116
4055 19488548 3889
4056 19492437 3513
4057 19495950 4283
4058 19500233 1582
4059 19501815 1523
4060 19503338 2418
4061 19505756 2015
4062 19507771 3167
4063 19510938 2826
4064 19513764 1984
4065 19515748 2453
4066 19518201 850
4067 19519051 1164
4068 19520215 3007
4069 19523222 4479
4070 19527701 9747
4071 19537448 2259
4072 19539707 3234
4073 19542941 2169
4074 19545110 2350
4075 19547460 27111
4076 19574571 1963
4077 19576534 1843
4078 19578377 5443
4079 19583820 5533
4080 19589353 2570
4081 19591923 3481
4082 19595404 4845
4083 19600249 3796
4084 19604045 3449
4085 19607494 15557
4086 19623051 4213
4087 19627264 3666
4088 19630930 10226
4089 19641156 1751
4090 19642907 1572
4091 19644479 5937
4092 19650416 11029
4093 19661445 5323
4094 19666768 3925
4095 19670693 2268
4096 19672961 1379
4097 19674340 737
4098 19675077 1603
4099 19676680 4722
4100 19681402 2808
4101 19684210 2024
4102 19686234 8864
4103 19695098 6344
4104 19701442 5264
4105 19706706 2045
4106 19708751 6547
4107 19715298 3041
4108 19718339 3011
4109 19721350 7583
4110 19728933 1769
4111 19730702 2189
4112 19732891 2664
4113 19735555 1771
4114 19737326 1673
4115 19738999 10990
4116 19749989 7687
4117 19757676 3453
4118 19761129 3110
4119 19764239 1972
4120 19766211 5647
4121 19771858 8258
4122 19780116 3280
4123 19783396 650
4124 19784046 3729
4125 19787775 5196
4126 19792971 6982
4127 19799953 994
4128 19800947 2436
4129 19803383 4441
4130 19807824 3625
4131 19811449 2978
4132 19814427 5699
4133 19820126 5161
4134 19825287 7427
4135 19832714 1197
4136 19833911 4012
4137 19837923 1420
4138 19839343 7420
4139 19846763 3366
4140 19850129 4455
4141 19854584 4949
4142 19859533 2418
4143 19861951 6152
4144 19868103 2352
4145 19870455 1781
4146 19872236 15385
4147 19887621 9370
4148 19896991 5466
4149 19902457 1444
4150 19903901 5769
4151 19909670 1466
4152 19911136 6637
4153 19917773 4706
4154 19922479 4682
4155 19927161 9841
4156 19937002 1804
4157 19938806 3550
4158 19942356 15779
4159 19958135 9670
4160 19967805 3982
4161 19971787 7969
4162 19979756 13852
4163 19993608 3870
4164 19997478 14164
4165 20011642 5472
4166 20017114 9721
4167 20026835 2088
4168 20028923 1922
4169 20030845 2714
4170 20033559 3256
4171 20036815 9607
4172 20046422 3531
4173 20049953 8447
4174 20058400 2206
4175 20060606 1795
4176 20062401 1134
4177 20063535 1547
4178 20065082 1124
4179 20066206 1437
4180 20067643 5429
4181 20073072 5061
4182 20078133 2220
4183 20080353 1807
4184 20082160 4085
4185 20086245 2388
4186 20088633 2325
4187 20090958 7739
4188 20098697 1384
4189 20100081 1543
4190 20101624 4348
4191 20105972 1332
4192 20107304 1300
4193 20108604 1477
4194 20110081 1754
4195 20111835 5252
4196 20117087 2591
4197 20119678 1441
4198 20121119 3250
4199 20124369 10999
4200 20135368 3897
4201 20139265 9644
4202 20148909 3853
4203 20152762 1634
4204 20154396 2181
4205 20156577 7100
4206 20163677 1932
4207 20165609 7430
4208 20173039 3454
4209 20176493 1987
4210 20178480 12955
4211 20191435 5319
4212 20196754 4744
4213 20201498 1443
4214 20202941 2541
4215 20205482 2388
4216 20207870 2220
4217 20210090 3673
4218 20213763 1447
4219 20215210 11112
4220 20226322 1236
4221 20227558 738
4222 20228296 4826
4223 20233122 2107
4224 20235229 1361
4225 20236590 968
4226 20237558 7479
4227 20245037 3182
4228 20248219 1961
4229 20250180 2944
4230 20253124 1037
4231 20254161 1387
4232 20255548 1422
4233 20256970 594
4234 20257564 4038
4235 20261602 4687
4236 20266289 5024
4237 20271313 3311
4238 20274624 2277
4239 20276901 926
4240 20277827 852
4241 20278679 1311
4242 20279990 5751
4243 20285741 1657
4244 20287398 834
4245 20288232 1751
4246 20289983 13045
4247 20303028 620
4248 20303648 1908
4249 20305556 2538
4250 20308094 2389
4251 20310483 2754
4252 20313237 1716
4253 20314953 688
4254 20315641 2227
4255 20317868 2263
4256 20320131 2267
4257 20322398 2390
4258 20324788 2202
4259 20326990 548
4260 20327538 2495
4261 20330033 1300
4262 20331333 3168
4263 20334501 1626
4264 20336127 773
4265 20336900 1111
4266 20338011 8140
4267 20346151 11604
4268 20357755 2102
4269 20359857 3662
4270 20363519 5224
4271 20368743 5389
4272 20374132 5217
4273 20379349 6395
4274 20385744 1088
4275 20386832 7253
4276 20394085 2998
4277 20397083 9590
4278 20406673 4274
4279 20410947 6479
4280 20417426 2940
4281 20420366 1649
4282 20422015 2976
4283 20424991 3456
4284 20428447 1827
4285 20430274 5609
4286 20435883 9127
4287 20445010 242
4288 20445252 2348
4289 20447600 8475
4290 20456075 6853
4291 20462928 6515
4292 20469443 3744
4293 20473187 3437
4294 20476624 2943
4295 20479567 3469
4296 20483036 525
4297 20483561 2223
4298 20485784 3981
4299 20489765 3670
4300 20493435 2965
4301 20496400 3634
4302 20500034 2751
4303 20502785 6616
4304 20509401 9477
4305 20518878 8494
4306 20527372 10581
4307 20537953 9748
4308 20547701 10330
4309 20558031 8012
4310 20566043 5528
4311 20571571 6298
4312 20577869 7547
4313 20585416 3605
4314 20589021 4044
4315 20593065 2425
4316 20595490 1612
4317 20597102 1717
4318 20598819 3206
4319 20602025 3568
4320 20605593 7654
4321 20613247 6396
4322 20619643 5991
4323 20625634 3627
4324 20629261 4648
4325 20633909 3538
4326 20637447 11658
4327 20649105 5206
4328 20654311 6695
4329 20661006 4860
4330 20665866 1125
4331 20666991 4221
4332 20671212 3712
4333 20674924 3497
4334 20678421 4366
4335 20682787 4959
4336 20687746 4612
4337 20692358 8040
4338 20700398 2300
4339 20702698 5592
4340 20708290 4432
4341 20712722 6586
4342 20719308 4844
4343 20724152 2222
4344 20726374 2198
4345 20728572 1548
4346 20730120 3368
4347 20733488 4650
4348 20738138 4189
4349 20742327 6290
4350 20748617 8632
4351 20757249 1908
4352 20759157 5835
4353 20764992 7329
4354 20772321 1340
4355 20773661 3475
4356 20777136 4162
4357 20781298 1681
4358 20782979 7349
4359 20790328 2809
4360 20793137 10194
4361 20803331 4347
4362 20807678 5859
4363 20813537 869
4364 20814406 3811
4365 20818217 2030
